21 22.2 0xCCCCCC 
22 22.4 0xCCCCCC 
23 21.8 0xCCCCCC 
00 21.3 0x999999 
01 20.6 0x999999 
02 20.6 0x999999 
03 20.3 0x999999 20.3
04 20.1 0x999999 20.1
05 20.0 0x999999 20.0
06 19.7 0x999999 19.7
07 20.4 0x999999 20.4
08 21.6 0x999999 
09 22.0 0x999999 
10 20.4 0x999999 20.4
11 19.7 0x999999 19.7
12 19.7 0x999999 19.7
13 19.6 0x999999 19.6
14 21.7 0x999999 
15 24.3 0x666666 
16 25.0 0x000000 
17 25.6 0x000000 25.6
18 25.7 0x000000 25.7
19 25.4 0x000000 
20 25.3 0x000000 
21 25.4 0x000000 
22 25.8 0x000000 25.8
23 25.3 0x000000 
